0,000000000000000000000000000000000000010000000000000000000000000000000000000000000000000000000000000000000000000000000000000000000
1,000000000000000000000000000000000000000000000000000000000000000000000000000010000000000000000000000000000000000000000000000000001
2,000000000000100000000000000000000000000000000000000000000000000000000000000000000000000000000000000000000000000000000000000000000
3,000000000000000000000000000000000000000000000000000000000000000000000000000100000000000000000000000000000000000000000000000000001
4,000000000000000000000000010000000000000000000000000000000000000000000000000000000000000000000000000000000000000000000000000000001
5,000000000000000000000000000000000000000000000000000000000000000000000000000000000000000000000000001000000000000000000000000000001
6,000000000000000000000000000000000000000000000000000000000000000000000000000000000000000000010100000000000000000000000000000000001
7,000000000000000000000000000000000000000000000000000000000000000000000000000000000000000000000000000000000000000000000100000000000
8,000000000000000000000000000000000000000000000000000000000000000000000000000000100000000000000000000000000000000000000000000000000
9,000000000000000000000000000000000000000000000000000000000000000000000000000000010000000000000000000000000000000000000000000000000
10,000000000000010000000000000000000000000000000000000000000000000000000000000000000000000000000000000000000000000000000000000000000
11,000000000000000000000000000000000000000000000000000000000000000000000000000000000000000000000000000000000000000000000000000010001
12,000000000000000000010000000000000000000000000000000000000000000000000000000000000000000000000000000000000000000000000000000000001
13,000000000000000000000000000000000000000000000000000000000000000000000000000001000000000000000000000000000000000000000000000000000
14,000000000000001000000000000000000000000000000000000000000000000000000000000000000000000000000000000000000000000000000000000000000
15,000000000000000000000000000000000000000000000000000000000001000000000000000000000000000000000000000000000000000000000000000000000
16,000000000000000000000000000000000000000000000000000000000000000000000000000000000000000000000000000000000000000000000000000100001
17,001000000000000000000000000000000000000000000000000000000000000000000000000000000000000000000000000000000000000000000000000000000
18,000000000000000000000000000000000000100000000000000000000000000000000000000000000000000000000000000000000000000000000000000000001
19,000000000000000000000000000000000000000000000000000000000000000000000000000000000000000000000000000000000000100000000000000000000
20,000000000000000000000000000000000000000000000000000000000000000000000000000000000000000000000000000000000000000000000000000000101
21,000000000000000000000000000000000000000000000000000000000000000000000000000000000000000100000000000000000000000000000000000000000
22,000000000000000000000000000000000000000000000000000000000000000000000000000000000000010000000000000000000000000000000000000000000
23,000000000000000000000100000000000000000000000000000000000000000000000000000000000000000000000000000000000000000000000000000000000
24,000000000000000000000010000000000000000000000000000000000000000000000000000000000000000000000000000000000000000000000000000000000
25,000000000000000000000000000000000000000000000000000000000000000000000010000000000000000000000000100000000000000000000000000000000
26,000000000000000000000000000000000000000000000000000000000000000000000010000000000000000000000000000000000000000000000000000000000
27,000000000000000000000000000000000000000000000000000000000000100000000000000000000000000000000000000000000000000000000000000000001
28,000001000000000000000000000000000000000000000000000000000000000000000000000000000000000000000000000000000000000000000000000000001
29,000000000000000000000000000000000000000000000000000000000000000000000000000000000000000000000100000000000000000000000000000000000
30,000000000000000000000000000000000000000000000000000000000000000000000000100000000000000000000000000000000000000000000000000000001
31,000000100000000000000000000000000000000000000000000000000000000000000000000000000000000000000000000000000000000000000000000000001
32,000000000000000000000000000000000000000000000000000000000000000000000000000000001000000000000000000000000000000000000000000000000
33,000000000000000001000000000000000000000000000000000000000000000000000000000000000000000000000000000000000000000000000000000000000
34,000000000000000000000000000000000000000000000000000000100000000000000000000000000000000000000000000000000000000000000000000000000
35,000000000000000000000000000000000000000000000000000000000000000000000000000000000000000000000000000000000000000000000000100000001
36,000000000000000000000000000000000000000000000000000000000000000000001000000000000000000000000000000000000000000000000000000000101
37,000000000000000000000000000000000000000000000000000000000000000000000000000010000000000000000000000000100000000000000000000000001
38,000000000000000000000000000001000000000000000000000000000000000000000000000000000000000000000000000000000000000000000000000000000
39,000000000000000000000000000000010000000000000000000000000000000000000000000000000000000000000000000000000000000000000000000000000
40,000000000000000000000000000000000000000000000000000000000000010000000000000000000000000000000000000000000000000000000000000000000
41,000000000000000000000000000000000000000000000000000000000000000000000000000000000000000000000010000000000000000000000000000000000
42,000000000000000000000000000000000000000000000000000000000000000000000000000000000000001000000000000000000000000000000000000000000
43,000000000000000000000000000000000000000000000000000000000000000000000000000000000000000000000001000000000000000000000000000000000
44,000000000000000000000000000000000000000000000000000000000000000000000000000000000000000000000000000000000000000000000010000000000
45,000000000000000000000000000000000000000000000000000000000000001000000000000000000000000000000000000000000000000000000000000000000
46,000000000000000000000000000000000000000000000000000000001000000000000000000000000000000000000000000000000000000000000000000000001
47,000000000000000000000000000000000000000000000000000000000000000000000000000000000000000001000000000000000000000000000000000000000
48,000000000000000000000000001000000000000000000000000000000000000000000000000000000000000000000000000000000000000000000000000000000
49,000000000000000000000000000000000000000000000000000000000000000000000000010000000000000000000000000100000000000000000000000000001
50,000000000000000000000000000000000000000000000000000000000000000000000000000000000000000000000000000000000000000000000000001000000
51,000000000000000000000000000000000000000000000000000100000000000000000000000000000000000000000000000000000000000000000000000000001
52,000000000100000000000000000000000000000000000000000000000000000000000000000000000000000000000000000000000000000000000000000000000
53,000000000000000000000000000000001000000000000000000000000000000000000000000000000000000000000000000000000000000000000000000000000
54,000000000000000000000000000000000000000000000000000000000000000000000000000000000000000000000000010000000000000000000000000000001
55,000000000000000000000000000000000000000000000000000000000000000001000000000000000000000000000000000000000000000000000000000000000
56,000000000000000000000000000000000000000000000000000000000000000000000000000000000000000000000000000000000000000000000000010000001
57,000000000000000000000000000000000000000000010000000000000000000000000000000000000000000000000000000000000000000000000000000000000
58,000000000000000000000000000000000000000000100000000000000000000000000000000000000000000000000000000000000000000000000000000000001
59,000000000000000000000000000010000000000000000000000000000000000000000000000000000000000000000000000000000000000000000000000000000
60,000000000000000000000000000000000000000000000000000000000000000000010000000000000000000000000000000000000000000000000000000000001
61,000000000000000000000000000000000000000000000000000001000000000000000000000000000000000000000000000000000000000000000000000000001
62,000000000000000000000000000000000000000000000000000000000000000000000000000000000000000000000000000000000100000000000000000000000
63,000000000000000000000000000000000000000000000000000000000000000000000000000000000000000000000000000001000000000000000000000000000
64,000000000000000000000000000000100000000000000000000000000000000000000000000000000000000000000000000000000000000000000000000000001
65,000000000000000000001000000000000000000000000000000000000000000000000000000000000000000000000000000000000000000000000000000000000
66,000000000000000000000000000000000000000000000000000000000000000000000000001000000000000000000000000000000000000000000000000000001
67,000000000000000000000000000000000000000000000000000000000000000000000000000000000000000000000000000010000000000000000000000000000
68,000000001000000000000000000000000000000000000000000000000000000000000000000000000000000000000000000000000000000000000000000000000
69,000000000000000000000000000000000000000000000100000000000000000000000000000000000000000000000000000000000000000000000000000000000
70,000000000000000000000000000000000000000000000010000000000000000000000000000000000000000000000000000000000000000000000000000000000
71,000000000000000000000000000000000000000000000000000000010000000000000000000000000000000000000000000000000000000000000000000000000
72,000000000000000000000000000000000000000000000001000000000000000000000000000000000000000000000000000000000000000000000000000000001
73,000000000000000000000000000000000000000000000000000000000000000000000000000000000000000000000000000000001000000000000000000000001
74,000000000000000000000000000000000000000000000000000000000000000000000000000000000000000000000000000000000000001000000000000000001
75,000000000000000000000000000000000000000000000000000000000000000000000000000000000000000000000000000000000000000010000000000000000
76,000000000010000000000000000000000000000000000000000000000000000000000000000000000000000000000000000000000000000000000000000000001
77,000000000000000000000000000000000000000000000000000000000000000000000000000000000000000000000000000000000000000001000000000000000
78,000000000000000100000000000000000000000000000000000000000000000000000000000000000000000000000000000000000000000000000000000000000
79,100000000000000000000000000000000000000000000000000000000000000000000000000000000000000000000000000000000000000000000000000000001
80,000000000000000000000000000000000010000000000000000000000000000000000000000000000000000000000000000000000000000000000000000000001
81,000000000000000000000000000000000000000000000000000000000000000000000000000000000000000000000000000000000000010000000000000000001
82,000000000000000000000000000000000000000000000000000000000100000000000000000000000000000000000000000000000000000000000000000000000
83,000000000000000000000000000000000000000000000000000000000000000000000000000000000000000000000000000000000010000000000000000000001
84,000000000000000000100000000000000000000000000000000000000000000000000000000000000000000000000000000000000000000000000000000000000
85,000000000000000000000000100000000000000000000000000000000000000000000000000000000000000000000000000000000000000000000000000000000
86,000000000000000000000000000000000000000000000000000000000000000000000000000000000010000000000000000000000000000000000000000000000
87,000000000000000000000000000000000000000000000000000000000000000000000000000000000000000000000000000000000000000100000000000000000
88,000000000000000000000000000000000000000000000000000000000000000000000000000000000000000000000000000000000000000000000000000000011
89,000000000000000000000001000000000000000000000000000000000000000000000000000000000000000000000000000000000000000000000000000000000
90,000100000000000000000000000000000000000000000000000000000000000000000000000000000000000000000000000000000000000000000000000000001
91,010000000000000000000000000000000000000000000000000000000000000000000000000000000000000000000000000000000000000000000000000000001
92,000000000000000000000000000000000000000001000000000000000000000000000000000000000000000000000000000000000000000000000000000000001
93,000000000000000000000000000000000000000000000000000000000000000000000000010000000000000000000000000000000000000000000000000000001
94,000000000000000000000000000000000000000000000000000000000000000000000000000000000100000000000000000000000000000000000000000000000
95,000000000000000000000000000000000000000000000000000000000000000000000000000000000000000000000000000000000001000000000000000000001
96,000000000000000010000000000000000000000000000000000000000000000000000000000000000000000000000000000000000000000000000000000000000
97,000000000000000000000000000000000000000000000000000000000000000100000000000000000000000000000000000000000000000000000000000000000
98,000000000000000000000000000000000000000000000000000000000000000000000000000000000000000000000000000000000000000000000001000000001
99,000000010000000000000000000000000000000000000000000000000000000000000000000000000000000000000000000000000000000000000000000000000
100,000000000000000000000000000000000000000000000000010000000000000000000000000000000000000000000000000000000000000000000000000000001
101,100000000000000000000000000000000000000000000000000000000010000000000000000000000000000000000000000000000000000000000000000000000
102,000000000000000000000000000000000000000000000000000000000000001000000000000000000000000010000000000000000000000000000000000000001
103,000000000000000000000000000000000000001000000000000000000000000010000000000000000000000000000000000000000000000000000000000000000
104,000000000000000000000000000000000000000000000000000000000000000000000000000000000000000000000000000000000000000000100000000000001
105,000000000000000000000000000000000000000000000000000000000000000000000000000000000000000000000000000000000000000000000000000001001
106,000000000000000000000000000000000000000000000000000000000000000000000000000000000000000000000000000000000000000000001000000000001
107,000000000000000000000000000100000000000000000000000000000000000000000000000000000000000000000000000000000000000000000000000000000
108,000000000000000000000000000000000000000000000000001000000000000000000000000000000000000000000000000000000000000000000000000000000
109,000000000000000000000000000000000000000000000000000010000000000000000000000000000000000000000000000000000000000000000000000000001
110,000000000000000000000000000000000000000000000000000000000000000000000000000000000000000000100000000000000000000000000000000000001
